[8, 2, 22, 97] 34144
[2, 22, 97, 38] 162184
[22, 97, 38, 15] 1216380
[97, 38, 15, 0] 0
[38, 15, 0, 40] 0
[15, 0, 40, 0] 0
[0, 40, 0, 75] 0
[40, 0, 75, 4] 0
[0, 75, 4, 5] 0
[75, 4, 5, 7] 10500
[4, 5, 7, 78] 10920
[5, 7, 78, 52] 141960
[7, 78, 52, 12] 340704
[78, 52, 12, 50] 2433600
[52, 12, 50, 77] 2402400
[12, 50, 77, 91] 4204200
[50, 77, 91, 8] 2802800
######################################
[49, 49, 99, 40] 9507960
[49, 99, 40, 17] 3298680
[99, 40, 17, 81] 5452920
[40, 17, 81, 18] 991440
[17, 81, 18, 57] 1412802
[81, 18, 57, 60] 4986360
[18, 57, 60, 87] 5355720
[57, 60, 87, 17] 5058180
[60, 87, 17, 40] 3549600
[87, 17, 40, 98] 5797680
[17, 40, 98, 43] 2865520
[40, 98, 43, 69] 11630640
[98, 43, 69, 48] 13956768
[43, 69, 48, 4] 569664
[69, 48, 4, 56] 741888
[48, 4, 56, 62] 666624
[4, 56, 62, 0] 0
######################################
[81, 49, 31, 73] 8981847
[49, 31, 73, 55] 6098785
[31, 73, 55, 79] 9832735
[73, 55, 79, 14] 4440590
[55, 79, 14, 29] 1764070
[79, 14, 29, 93] 2982882
[14, 29, 93, 71] 2680818
[29, 93, 71, 40] 7659480
[93, 71, 40, 67] 17696040
[71, 40, 67, 53] 10084840
[40, 67, 53, 88] 12499520
[67, 53, 88, 30] 9374640
[53, 88, 30, 3] 419760
[88, 30, 3, 49] 388080
[30, 3, 49, 13] 57330
[3, 49, 13, 36] 68796
[49, 13, 36, 65] 1490580
######################################
[52, 70, 95, 23] 7953400
[70, 95, 23, 4] 611800
[95, 23, 4, 60] 524400
[23, 4, 60, 11] 60720
[4, 60, 11, 42] 110880
[60, 11, 42, 69] 1912680
[11, 42, 69, 24] 765072
[42, 69, 24, 68] 4729536
[69, 24, 68, 56] 6306048
[24, 68, 56, 1] 91392
[68, 56, 1, 32] 121856
[56, 1, 32, 56] 100352
[1, 32, 56, 71] 127232
[32, 56, 71, 37] 4707584
[56, 71, 37, 2] 294224
[71, 37, 2, 36] 189144
[37, 2, 36, 91] 242424
######################################
[22, 31, 16, 71] 774752
[31, 16, 71, 51] 1796016
[16, 71, 51, 67] 3881712
[71, 51, 67, 63] 15284241
[51, 67, 63, 89] 19159119
[67, 63, 89, 41] 15402429
[63, 89, 41, 92] 21149604
[89, 41, 92, 36] 12085488
[41, 92, 36, 54] 7332768
[92, 36, 54, 22] 3934656
[36, 54, 22, 40] 1710720
[54, 22, 40, 40] 1900800
[22, 40, 40, 28] 985600
[40, 40, 28, 66] 2956800
[40, 28, 66, 33] 2439360
[28, 66, 33, 13] 792792
[66, 33, 13, 80] 2265120
######################################
[24, 47, 32, 60] 2165760
[47, 32, 60, 99] 8933760
[32, 60, 99, 3] 570240
[60, 99, 3, 45] 801900
[99, 3, 45, 2] 26730
[3, 45, 2, 44] 11880
[45, 2, 44, 75] 297000
[2, 44, 75, 33] 217800
[44, 75, 33, 53] 5771700
[75, 33, 53, 78] 10231650
[33, 53, 78, 36] 4911192
[53, 78, 36, 84] 12501216
[78, 36, 84, 20] 4717440
[36, 84, 20, 35] 2116800
[84, 20, 35, 17] 999600
[20, 35, 17, 12] 142800
[35, 17, 12, 50] 357000
######################################
[32, 98, 81, 28] 7112448
[98, 81, 28, 64] 14224896
[81, 28, 64, 23] 3338496
[28, 64, 23, 67] 2761472
[64, 23, 67, 10] 986240
[23, 67, 10, 26] 400660
[67, 10, 26, 38] 661960
[10, 26, 38, 40] 395200
[26, 38, 40, 67] 2647840
[38, 40, 67, 59] 6008560
[40, 67, 59, 54] 8538480
[67, 59, 54, 70] 14942340
[59, 54, 70, 66] 14719320
[54, 70, 66, 18] 4490640
[70, 66, 18, 38] 3160080
[66, 18, 38, 64] 2889216
[18, 38, 64, 70] 3064320
######################################
[67, 26, 20, 68] 2369120
[26, 20, 68, 2] 70720
[20, 68, 2, 62] 168640
[68, 2, 62, 12] 101184
[2, 62, 12, 20] 29760
[62, 12, 20, 95] 1413600
[12, 20, 95, 63] 1436400
[20, 95, 63, 94] 11251800
[95, 63, 94, 39] 21941010
[63, 94, 39, 63] 14550354
[94, 39, 63, 8] 1847664
[39, 63, 8, 40] 786240
[63, 8, 40, 91] 1834560
[8, 40, 91, 66] 1921920
[40, 91, 66, 49] 11771760
[91, 66, 49, 94] 27663636
[66, 49, 94, 21] 6383916
######################################
[24, 55, 58, 5] 382800
[55, 58, 5, 66] 1052700
[58, 5, 66, 73] 1397220
[5, 66, 73, 99] 2384910
[66, 73, 99, 26] 12401532
[73, 99, 26, 97] 18226494
[99, 26, 97, 17] 4244526
[26, 97, 17, 78] 3344172
[97, 17, 78, 78] 10032516
[17, 78, 78, 96] 9929088
[78, 78, 96, 83] 48477312
[78, 96, 83, 14] 8701056
[96, 83, 14, 88] 9816576
[83, 14, 88, 34] 3476704
[14, 88, 34, 89] 3728032
[88, 34, 89, 63] 16776144
[34, 89, 63, 72] 13725936
######################################
[21, 36, 23, 9] 156492
[36, 23, 9, 75] 558900
[23, 9, 75, 0] 0
[9, 75, 0, 76] 0
[75, 0, 76, 44] 0
[0, 76, 44, 20] 0
[76, 44, 20, 45] 3009600
[44, 20, 45, 35] 1386000
[20, 45, 35, 14] 441000
[45, 35, 14, 0] 0
[35, 14, 0, 61] 0
[14, 0, 61, 33] 0
[0, 61, 33, 97] 0
[61, 33, 97, 34] 6638874
[33, 97, 34, 31] 3373854
[97, 34, 31, 33] 3373854
[34, 31, 33, 95] 3304290
######################################
[78, 17, 53, 28] 1967784
[17, 53, 28, 22] 555016
[53, 28, 22, 75] 2448600
[28, 22, 75, 31] 1432200
[22, 75, 31, 67] 3427050
[75, 31, 67, 15] 2336625
[31, 67, 15, 94] 2928570
[67, 15, 94, 3] 283410
[15, 94, 3, 80] 338400
[94, 3, 80, 4] 90240
[3, 80, 4, 62] 59520
[80, 4, 62, 16] 317440
[4, 62, 16, 14] 55552
[62, 16, 14, 9] 124992
[16, 14, 9, 53] 106848
[14, 9, 53, 56] 373968
[9, 53, 56, 92] 2457504
######################################
[16, 39, 5, 42] 131040
[39, 5, 42, 96] 786240
[5, 42, 96, 35] 705600
[42, 96, 35, 31] 4374720
[96, 35, 31, 47] 4895520
[35, 31, 47, 55] 2804725
[31, 47, 55, 58] 4647830
[47, 55, 58, 88] 13193840
[55, 58, 88, 24] 6737280
[58, 88, 24, 0] 0
[88, 24, 0, 17] 0
[24, 0, 17, 54] 0
[0, 17, 54, 24] 0
[17, 54, 24, 36] 793152
[54, 24, 36, 29] 1353024
[24, 36, 29, 85] 2129760
[36, 29, 85, 57] 5058180
######################################
[86, 56, 0, 48] 0
[56, 0, 48, 35] 0
[0, 48, 35, 71] 0
[48, 35, 71, 89] 10615920
[35, 71, 89, 7] 1548155
[71, 89, 7, 5] 221165
[89, 7, 5, 44] 137060
[7, 5, 44, 44] 67760
[5, 44, 44, 37] 358160
[44, 44, 37, 44] 3151808
[44, 37, 44, 60] 4297920
[37, 44, 60, 21] 2051280
[44, 60, 21, 58] 3215520
[60, 21, 58, 51] 3727080
[21, 58, 51, 54] 3354372
[58, 51, 54, 17] 2715444
[51, 54, 17, 58] 2715444
######################################
[19, 80, 81, 68] 8372160
[80, 81, 68, 5] 2203200
[81, 68, 5, 94] 2588760
[68, 5, 94, 47] 1502120
[5, 94, 47, 69] 1524210
[94, 47, 69, 28] 8535576
[47, 69, 28, 73] 6628692
[69, 28, 73, 92] 12975312
[28, 73, 92, 13] 2444624
[73, 92, 13, 86] 7508488
[92, 13, 86, 52] 5348512
[13, 86, 52, 17] 988312
[86, 52, 17, 77] 5853848
[52, 17, 77, 4] 272272
[17, 77, 4, 89] 466004
[77, 4, 89, 55] 1507660
[4, 89, 55, 40] 783200
######################################
[4, 52, 8, 83] 138112
[52, 8, 83, 97] 3349216
[8, 83, 97, 35] 2254280
[83, 97, 35, 99] 27896715
[97, 35, 99, 16] 5377680
[35, 99, 16, 7] 388080
[99, 16, 7, 97] 1075536
[16, 7, 97, 57] 619248
[7, 97, 57, 32] 1238496
[97, 57, 32, 16] 2830848
[57, 32, 16, 26] 758784
[32, 16, 26, 26] 346112
[16, 26, 26, 79] 854464
[26, 26, 79, 33] 1762332
[26, 79, 33, 27] 1830114
[79, 33, 27, 98] 6898122
[33, 27, 98, 66] 5762988
######################################
[88, 36, 68, 87] 18741888
[36, 68, 87, 57] 12139632
[68, 87, 57, 62] 20907144
[87, 57, 62, 20] 6149160
[57, 62, 20, 72] 5088960
[62, 20, 72, 3] 267840
[20, 72, 3, 46] 198720
[72, 3, 46, 33] 327888
[3, 46, 33, 67] 305118
[46, 33, 67, 46] 4678476
[33, 67, 46, 55] 5593830
[67, 46, 55, 12] 2034120
[46, 55, 12, 32] 971520
[55, 12, 32, 63] 1330560
[12, 32, 63, 93] 2249856
[32, 63, 93, 53] 9936864
[63, 93, 53, 69] 21426363
######################################
[4, 42, 16, 73] 196224
[42, 16, 73, 38] 1864128
[16, 73, 38, 25] 1109600
[73, 38, 25, 39] 2704650
[38, 25, 39, 11] 407550
[25, 39, 11, 24] 257400
[39, 11, 24, 94] 967824
[11, 24, 94, 72] 1786752
[24, 94, 72, 18] 2923776
[94, 72, 18, 8] 974592
[72, 18, 8, 46] 476928
[18, 8, 46, 29] 192096
[8, 46, 29, 32] 341504
[46, 29, 32, 40] 1707520
[29, 32, 40, 62] 2301440
[32, 40, 62, 76] 6031360
[40, 62, 76, 36] 6785280
######################################
[20, 69, 36, 41] 2036880
[69, 36, 41, 72] 7332768
[36, 41, 72, 30] 3188160
[41, 72, 30, 23] 2036880
[72, 30, 23, 88] 4371840
[30, 23, 88, 34] 2064480
[23, 88, 34, 62] 4266592
[88, 34, 62, 99] 18364896
[34, 62, 99, 69] 14399748
[62, 99, 69, 82] 34728804
[99, 69, 82, 67] 37529514
[69, 82, 67, 59] 22366074
[82, 67, 59, 85] 27552410
[67, 59, 85, 74] 24864370
[59, 85, 74, 4] 1484440
[85, 74, 4, 36] 905760
[74, 4, 36, 16] 170496
######################################
[20, 73, 35, 29] 1481900
[73, 35, 29, 78] 5779410
[35, 29, 78, 31] 2454270
[29, 78, 31, 90] 6310980
[78, 31, 90, 1] 217620
[31, 90, 1, 74] 206460
[90, 1, 74, 31] 206460
[1, 74, 31, 49] 112406
[74, 31, 49, 71] 7980826
[31, 49, 71, 48] 5176752
[49, 71, 48, 86] 14361312
[71, 48, 86, 81] 23740128
[48, 86, 81, 16] 5349888
[86, 81, 16, 23] 2563488
[81, 16, 23, 57] 1699056
[16, 23, 57, 5] 104880
[23, 57, 5, 54] 353970
######################################
[1, 70, 54, 71] 268380
[70, 54, 71, 83] 22275540
[54, 71, 83, 51] 16229322
[71, 83, 51, 54] 16229322
[83, 51, 54, 69] 15772158
[51, 54, 69, 16] 3040416
[54, 69, 16, 92] 5484672
[69, 16, 92, 33] 3351744
[16, 92, 33, 48] 2331648
[92, 33, 48, 61] 8889408
[33, 48, 61, 43] 4154832
[48, 61, 43, 52] 6547008
[61, 43, 52, 1] 136396
[43, 52, 1, 89] 199004
[52, 1, 89, 19] 87932
[1, 89, 19, 67] 113297
[89, 19, 67, 48] 5438256
######################################
[8, 49, 81, 52] 1651104
[49, 81, 52, 22] 4540536
[81, 52, 22, 24] 2223936
[52, 22, 24, 32] 878592
[22, 24, 32, 67] 1132032
[24, 32, 67, 24] 1234944
[32, 67, 24, 21] 1080576
[67, 24, 21, 78] 2633904
[24, 21, 78, 16] 628992
[21, 78, 16, 86] 2253888
[78, 16, 86, 19] 2039232
[16, 86, 19, 4] 104576
[86, 19, 4, 88] 575168
[19, 4, 88, 4] 26752
[4, 88, 4, 20] 28160
[88, 4, 20, 20] 140800
[4, 20, 20, 1] 1600
######################################
[2, 49, 49, 70] 336140
[49, 49, 70, 31] 5210170
[49, 70, 31, 47] 4997510
[70, 31, 47, 98] 9995020
[31, 47, 98, 26] 3712436
[47, 98, 26, 55] 6586580
[98, 26, 55, 36] 5045040
[26, 55, 36, 17] 875160
[55, 36, 17, 39] 1312740
[36, 17, 39, 56] 1336608
[17, 39, 56, 80] 2970240
[39, 56, 80, 52] 9085440
[56, 80, 52, 36] 8386560
[80, 52, 36, 42] 6289920
[52, 36, 42, 69] 5425056
[36, 42, 69, 73] 7615944
[42, 69, 73, 70] 14808780
######################################
[22, 99, 31, 95] 6414210
[99, 31, 95, 16] 4664880
[31, 95, 16, 32] 1507840
[95, 16, 32, 81] 3939840
[16, 32, 81, 20] 829440
[32, 81, 20, 58] 3006720
[81, 20, 58, 23] 2161080
[20, 58, 23, 53] 1414040
[58, 23, 53, 5] 353510
[23, 53, 5, 0] 0
[53, 5, 0, 81] 0
[5, 0, 81, 8] 0
[0, 81, 8, 68] 0
[81, 8, 68, 16] 705024
[8, 68, 16, 36] 313344
[68, 16, 36, 35] 1370880
[16, 36, 35, 54] 1088640
######################################
[97, 40, 73, 23] 6514520
[40, 73, 23, 71] 4768360
[73, 23, 71, 60] 7152540
[23, 71, 60, 28] 2743440
[71, 60, 28, 68] 8111040
[60, 28, 68, 5] 571200
[28, 68, 5, 9] 85680
[68, 5, 9, 28] 85680
[5, 9, 28, 42] 52920
[9, 28, 42, 48] 508032
[28, 42, 48, 68] 3838464
[42, 48, 68, 83] 11378304
[48, 68, 83, 87] 23569344
[68, 83, 87, 73] 35845044
[83, 87, 73, 41] 21612453
[87, 73, 41, 29] 7551339
[73, 41, 29, 71] 6162587
######################################
[38, 17, 55, 4] 142120
[17, 55, 4, 51] 190740
[55, 4, 51, 99] 1110780
[4, 51, 99, 64] 1292544
[51, 99, 64, 2] 646272
[99, 64, 2, 66] 836352
[64, 2, 66, 75] 633600
[2, 66, 75, 22] 217800
[66, 75, 22, 96] 10454400
[75, 22, 96, 35] 5544000
[22, 96, 35, 5] 369600
[96, 35, 5, 97] 1629600
[35, 5, 97, 57] 967575
[5, 97, 57, 38] 1050510
[97, 57, 38, 72] 15127344
[57, 38, 72, 78] 12164256
[38, 72, 78, 83] 17712864
######################################
[15, 81, 79, 60] 5759100
[81, 79, 60, 67] 25723980
[79, 60, 67, 3] 952740
[60, 67, 3, 23] 277380
[67, 3, 23, 62] 286626
[3, 23, 62, 73] 312294
[23, 62, 73, 0] 0
[62, 73, 0, 75] 0
[73, 0, 75, 35] 0
[0, 75, 35, 71] 0
[75, 35, 71, 94] 17519250
[35, 71, 94, 35] 8175650
[71, 94, 35, 62] 14482580
[94, 35, 62, 25] 5099500
[35, 62, 25, 30] 1627500
[62, 25, 30, 31] 1441500
[25, 30, 31, 51] 1185750
######################################
[0, 18, 14, 11] 0
[18, 14, 11, 63] 174636
[14, 11, 63, 45] 436590
[11, 63, 45, 67] 2089395
[63, 45, 67, 12] 2279340
[45, 67, 12, 99] 3581820
[67, 12, 99, 76] 6049296
[12, 99, 76, 31] 2798928
[99, 76, 31, 31] 7230564
[76, 31, 31, 89] 6500204
[31, 31, 89, 47] 4019863
[31, 89, 47, 99] 12837627
[89, 47, 99, 20] 8282340
[47, 99, 20, 39] 3629340
[99, 20, 39, 23] 1776060
[20, 39, 23, 90] 1614600
[39, 23, 90, 54] 4359420
######################################
[40, 57, 29, 42] 2777040
[57, 29, 42, 89] 6178914
[29, 42, 89, 2] 216804
[42, 89, 2, 10] 74760
[89, 2, 10, 20] 35600
[2, 10, 20, 26] 10400
[10, 20, 26, 44] 228800
[20, 26, 44, 67] 1532960
[26, 44, 67, 47] 3602456
[44, 67, 47, 7] 969892
[67, 47, 7, 69] 1520967
[47, 7, 69, 16] 363216
[7, 69, 16, 72] 556416
[69, 16, 72, 11] 874368
[16, 72, 11, 88] 1115136
[72, 11, 88, 1] 69696
[11, 88, 1, 69] 66792
######################################
[0, 60, 93, 69] 0
[60, 93, 69, 41] 15785820
[93, 69, 41, 44] 11576268
[69, 41, 44, 26] 3236376
[41, 44, 26, 95] 4455880
[44, 26, 95, 97] 10541960
[26, 95, 97, 20] 4791800
[95, 97, 20, 15] 2764500
[97, 20, 15, 55] 1600500
[20, 15, 55, 5] 82500
[15, 55, 5, 28] 115500
[55, 5, 28, 7] 53900
[5, 28, 7, 3] 2940
[28, 7, 3, 24] 14112
[7, 3, 24, 34] 17136
[3, 24, 34, 74] 181152
[24, 34, 74, 16] 966144
######################################
[75, 87, 71, 24] 11118600
[87, 71, 24, 92] 13638816
[71, 24, 92, 75] 11757600
[24, 92, 75, 38] 6292800
[92, 75, 38, 63] 16518600
[75, 38, 63, 17] 3052350
[38, 63, 17, 45] 1831410
[63, 17, 45, 94] 4530330
[17, 45, 94, 58] 4170780
[45, 94, 58, 44] 10794960
[94, 58, 44, 73] 17511824
[58, 44, 73, 97] 18070712
[44, 73, 97, 46] 14331944
[73, 97, 46, 94] 30618244
[97, 46, 94, 62] 26004536
[46, 94, 62, 31] 8310728
[94, 62, 31, 92] 16621456
######################################
[4, 17, 40, 68] 184960
[17, 40, 68, 36] 1664640
[40, 68, 36, 33] 3231360
[68, 36, 33, 40] 3231360
[36, 33, 40, 94] 4466880
[33, 40, 94, 78] 9678240
[40, 94, 78, 35] 10264800
[94, 78, 35, 3] 769860
[78, 35, 3, 88] 720720
[35, 3, 88, 44] 406560
[3, 88, 44, 92] 1068672
[88, 44, 92, 57] 20304768
[44, 92, 57, 33] 7614288
[92, 57, 33, 72] 12459744
[57, 33, 72, 99] 13407768
[33, 72, 99, 49] 11525976
[72, 99, 49, 33] 11525976
######################################
[5, 40, 67, 56] 750400
[40, 67, 56, 54] 8104320
[67, 56, 54, 53] 10738224
[56, 54, 53, 67] 10738224
[54, 53, 67, 39] 7478406
[53, 67, 39, 78] 10802142
[67, 39, 78, 14] 2853396
[39, 78, 14, 80] 3407040
[78, 14, 80, 24] 2096640
[14, 80, 24, 37] 994560
[80, 24, 37, 13] 923520
[24, 37, 13, 32] 369408
[37, 13, 32, 67] 1031264
[13, 32, 67, 18] 501696
[32, 67, 18, 69] 2662848
[67, 18, 69, 71] 5908194
[18, 69, 71, 48] 4232736
######################################
[7, 98, 53, 1] 36358
[98, 53, 1, 22] 114268
[53, 1, 22, 78] 90948
[1, 22, 78, 59] 101244
[22, 78, 59, 63] 6378372
[78, 59, 63, 96] 27832896
[59, 63, 96, 0] 0
[63, 96, 0, 4] 0
[96, 0, 4, 0] 0
[0, 4, 0, 44] 0
[4, 0, 44, 86] 0
[0, 44, 86, 16] 0
[44, 86, 16, 46] 2785024
[86, 16, 46, 8] 506368
[16, 46, 8, 82] 482816
[46, 8, 82, 48] 1448448
[8, 82, 48, 61] 1920768
######################################
[78, 43, 88, 32] 9444864
[43, 88, 32, 40] 4843520
[88, 32, 40, 36] 4055040
[32, 40, 36, 54] 2488320
[40, 36, 54, 8] 622080
[36, 54, 8, 83] 1290816
[54, 8, 83, 61] 2187216
[8, 83, 61, 62] 2511248
[83, 61, 62, 17] 5336402
[61, 62, 17, 60] 3857640
[62, 17, 60, 52] 3288480
[17, 60, 52, 26] 1379040
[60, 52, 26, 55] 4461600
[52, 26, 55, 46] 3420560
[26, 55, 46, 67] 4407260
[55, 46, 67, 86] 14577860
[46, 67, 86, 43] 11397236
######################################
[52, 69, 30, 56] 6027840
[69, 30, 56, 40] 4636800
[30, 56, 40, 84] 5644800
[56, 40, 84, 70] 13171200
[40, 84, 70, 40] 9408000
[84, 70, 40, 14] 3292800
[70, 40, 14, 33] 1293600
[40, 14, 33, 16] 295680
[14, 33, 16, 54] 399168
[33, 16, 54, 21] 598752
[16, 54, 21, 17] 308448
[54, 21, 17, 26] 501228
[21, 17, 26, 12] 111384
[17, 26, 12, 29] 153816
[26, 12, 29, 59] 533832
[12, 29, 59, 81] 1663092
[29, 59, 81, 52] 7206732
######################################
[12, 48, 3, 71] 122688
[48, 3, 71, 28] 286272
[3, 71, 28, 20] 119280
[71, 28, 20, 66] 2624160
[28, 20, 66, 91] 3363360
[20, 66, 91, 88] 10570560
[66, 91, 88, 97] 51267216
[91, 88, 97, 14] 10874864
[88, 97, 14, 24] 2868096
[97, 14, 24, 58] 1890336
[14, 24, 58, 77] 1500576
[24, 58, 77, 79] 8467536
[58, 77, 79, 32] 11290048
[77, 79, 32, 32] 6228992
[79, 32, 32, 85] 6876160
[32, 32, 85, 16] 1392640
[32, 85, 16, 1] 43520
######################################
[50, 4, 49, 37] 362600
[4, 49, 37, 66] 478632
[49, 37, 66, 35] 4188030
[37, 66, 35, 18] 1538460
[66, 35, 18, 66] 2744280
[35, 18, 66, 34] 1413720
[18, 66, 34, 34] 1373328
[66, 34, 34, 9] 686664
[34, 34, 9, 36] 374544
[34, 9, 36, 51] 561816
[9, 36, 51, 4] 66096
[36, 51, 4, 33] 242352
[51, 4, 33, 63] 424116
[4, 33, 63, 40] 332640
[33, 63, 40, 74] 6153840
[63, 40, 74, 23] 4289040
[40, 74, 23, 89] 6059120
######################################
[77, 56, 13, 2] 112112
[56, 13, 2, 33] 48048
[13, 2, 33, 17] 14586
[2, 33, 17, 38] 42636
[33, 17, 38, 49] 1044582
[17, 38, 49, 89] 2817206
[38, 49, 89, 31] 5137258
[49, 89, 31, 53] 7165123
[89, 31, 53, 29] 4240583
[31, 53, 29, 54] 2572938
[53, 29, 54, 89] 7386822
[29, 54, 89, 27] 3763098
[54, 89, 27, 93] 12067866
[89, 27, 93, 62] 13855698
[27, 93, 62, 4] 622728
[93, 62, 4, 57] 1314648
[62, 4, 57, 19] 268584
######################################
[91, 62, 36, 36] 7312032
[62, 36, 36, 13] 1044576
[36, 36, 13, 12] 202176
[36, 13, 12, 64] 359424
[13, 12, 64, 94] 938496
[12, 64, 94, 63] 4548096
[64, 94, 63, 33] 12507264
[94, 63, 33, 56] 10943856
[63, 33, 56, 85] 9896040
[33, 56, 85, 17] 2670360
[56, 85, 17, 55] 4450600
[85, 17, 55, 98] 7788550
[17, 55, 98, 53] 4856390
[55, 98, 53, 76] 21710920
[98, 53, 76, 36] 14210784
[53, 76, 36, 5] 725040
[76, 36, 5, 67] 916560
######################################
[8, 0, 65, 91] 0
[0, 65, 91, 80] 0
[65, 91, 80, 50] 23660000
[91, 80, 50, 70] 25480000
[80, 50, 70, 21] 5880000
[50, 70, 21, 72] 5292000
[70, 21, 72, 95] 10054800
[21, 72, 95, 92] 13214880
[72, 95, 92, 57] 35868960
[95, 92, 57, 58] 28894440
[92, 57, 58, 40] 12166080
[57, 58, 40, 66] 8727840
[58, 40, 66, 69] 10565280
[40, 66, 69, 36] 6557760
[66, 69, 36, 16] 2623104
[69, 36, 16, 54] 2146176
[36, 16, 54, 48] 1492992
######################################
[8, 49, 31, 23] 279496
[49, 31, 23, 51] 1781787
[31, 23, 51, 3] 109089
[23, 51, 3, 67] 235773
[51, 3, 67, 20] 205020
[3, 67, 20, 97] 389940
[67, 20, 97, 45] 5849100
[20, 97, 45, 3] 261900
[97, 45, 3, 24] 314280
[45, 3, 24, 44] 142560
[3, 24, 44, 52] 164736
[24, 44, 52, 26] 1427712
[44, 52, 26, 32] 1903616
[52, 26, 32, 40] 1730560
[26, 32, 40, 4] 133120
[32, 40, 4, 5] 25600
[40, 4, 5, 48] 38400
######################################
[2, 99, 73, 4] 57816
[99, 73, 4, 67] 1936836
[73, 4, 67, 45] 880380
[4, 67, 45, 10] 120600
[67, 45, 10, 95] 2864250
[45, 10, 95, 17] 726750
[10, 95, 17, 35] 565250
[95, 17, 35, 80] 4522000
[17, 35, 80, 0] 0
[35, 80, 0, 60] 0
[80, 0, 60, 17] 0
[0, 60, 17, 79] 0
[60, 17, 79, 63] 5076540
[17, 79, 63, 62] 5245758
[79, 63, 62, 36] 11108664
[63, 62, 36, 54] 7593264
######################################
[22, 40, 55, 60] 2904000
[40, 55, 60, 63] 8316000
[55, 60, 63, 2] 415800
[60, 63, 2, 26] 196560
[63, 2, 26, 63] 206388
[2, 26, 63, 78] 255528
[26, 63, 78, 14] 1788696
[63, 78, 14, 4] 275184
[78, 14, 4, 17] 74256
[14, 4, 17, 21] 19992
[4, 17, 21, 77] 109956
[17, 21, 77, 33] 907137
[21, 77, 33, 93] 4962573
[77, 33, 93, 76] 17959788
[33, 93, 76, 16] 3731904
######################################
[97, 17, 79, 11] 1432981
[17, 79, 11, 89] 1314797
[79, 11, 89, 44] 3403004
[11, 89, 44, 38] 1636888
[89, 44, 38, 94] 13987952
[44, 38, 94, 78] 12259104
[38, 94, 78, 0] 0
[94, 78, 0, 62] 0
[78, 0, 62, 54] 0
[0, 62, 54, 58] 0
[62, 54, 58, 4] 776736
[54, 58, 4, 27] 338256
[58, 4, 27, 53] 331992
[4, 27, 53, 36] 206064
######################################
[38, 81, 14, 42] 1809864
[81, 14, 42, 41] 1952748
[14, 42, 41, 75] 1808100
[42, 41, 75, 40] 5166000
[41, 75, 40, 39] 4797000
[75, 40, 39, 96] 11232000
[40, 39, 96, 61] 9135360
[39, 96, 61, 16] 3654144
[96, 61, 16, 24] 2248704
[61, 16, 24, 51] 1194624
[16, 24, 51, 89] 1742976
[24, 51, 89, 98] 10675728
[51, 89, 98, 69] 30692718
######################################
[15, 18, 29, 69] 540270
[18, 29, 69, 92] 3313656
[29, 69, 92, 33] 6075036
[69, 92, 33, 67] 14035428
[92, 33, 67, 63] 12814956
[33, 67, 63, 83] 11561319
[67, 63, 83, 33] 11561319
[63, 83, 33, 14] 2415798
[83, 33, 14, 36] 1380456
[33, 14, 36, 54] 898128
[14, 36, 54, 55] 1496880
[36, 54, 55, 66] 7056720
######################################
[0, 57, 93, 24] 0
[57, 93, 24, 36] 4580064
[93, 24, 36, 53] 4258656
[24, 36, 53, 59] 2701728
[36, 53, 59, 8] 900576
[53, 59, 8, 14] 350224
[59, 8, 14, 97] 640976
[8, 14, 97, 9] 97776
[14, 97, 9, 29] 354438
[97, 9, 29, 17] 430389
[9, 29, 17, 40] 177480
######################################
[40, 60, 71, 68] 11587200
[60, 71, 68, 54] 15642720
[71, 68, 54, 78] 20335536
[68, 54, 78, 54] 15466464
[54, 78, 54, 40] 9097920
[78, 54, 40, 88] 14826240
[54, 40, 88, 34] 6462720
[40, 88, 34, 53] 6343040
[88, 34, 53, 85] 13478960
[34, 53, 85, 58] 8883860
######################################
[0, 87, 40, 56] 0
[87, 40, 56, 22] 4287360
[40, 56, 22, 36] 1774080
[56, 22, 36, 70] 3104640
[22, 36, 70, 91] 5045040
[36, 70, 91, 34] 7796880
[70, 91, 34, 31] 6713980
[91, 34, 31, 56] 5371184
[34, 31, 56, 57] 3364368
######################################
[75, 17, 67, 1] 85425
[17, 67, 1, 40] 45560
[67, 1, 40, 84] 225120
[1, 40, 84, 66] 221760
[40, 84, 66, 66] 14636160
[84, 66, 66, 89] 32565456
[66, 66, 89, 33] 12793572
[66, 89, 33, 92] 17833464
######################################
[4, 40, 53, 32] 271360
[40, 53, 32, 40] 2713600
[53, 32, 40, 20] 1356800
[32, 40, 20, 18] 460800
[40, 20, 18, 49] 705600
[20, 18, 49, 63] 1111320
[18, 49, 63, 95] 5278770
######################################
[5, 98, 88, 56] 2414720
[98, 88, 56, 28] 13522432
[88, 56, 28, 35] 4829440
[56, 28, 35, 38] 2085440
[28, 35, 38, 94] 3500560
[35, 38, 94, 72] 9001440
######################################
[7, 43, 30, 71] 641130
[43, 30, 71, 66] 6044940
[30, 71, 66, 17] 2389860
[71, 66, 17, 64] 5098368
[66, 17, 64, 21] 1507968
######################################
[78, 69, 3, 37] 597402
[69, 3, 37, 33] 252747
[3, 37, 33, 12] 43956
[37, 33, 12, 70] 1025640
######################################
[52, 48, 49, 2] 244608
[48, 49, 2, 13] 61152
[49, 2, 13, 50] 63700
######################################
[12, 4, 13, 36] 22464
[4, 13, 36, 80] 149760
######################################
[50, 56, 36, 91] 9172800
######################################
[49, 49, 95, 71] 16194745
[49, 95, 71, 99] 32719995
[95, 71, 99, 23] 15358365
[71, 99, 23, 12] 1940004
[99, 23, 12, 26] 710424
[23, 12, 26, 20] 143520
[12, 26, 20, 94] 586560
[26, 20, 94, 88] 4301440
[20, 94, 88, 37] 6121280
[94, 88, 37, 86] 26321504
[88, 37, 86, 26] 7280416
[37, 86, 26, 12] 992784
[86, 26, 12, 32] 858624
[26, 12, 32, 74] 738816
[12, 32, 74, 57] 1619712
[32, 74, 57, 67] 9043392
######################################
[81, 70, 16, 60] 5443200
[70, 16, 60, 64] 4300800
[16, 60, 64, 62] 3809280
[60, 64, 62, 99] 23569920
[64, 62, 99, 44] 17284608
[62, 99, 44, 15] 4051080
[99, 44, 15, 58] 3789720
[44, 15, 58, 44] 1684320
[15, 58, 44, 13] 497640
[58, 44, 13, 16] 530816
[44, 13, 16, 55] 503360
[13, 16, 55, 29] 331760
[16, 55, 29, 85] 2169200
[55, 29, 85, 23] 3118225
[29, 85, 23, 19] 1077205
######################################
[52, 31, 32, 28] 1444352
[31, 32, 28, 2] 55552
[32, 28, 2, 73] 130816
[28, 2, 73, 76] 310688
[2, 73, 76, 67] 743432
[73, 76, 67, 55] 20444380
[76, 67, 55, 44] 12322640
[67, 55, 44, 92] 14916880
[55, 44, 92, 32] 7124480
[44, 92, 32, 46] 5958656
[92, 32, 46, 46] 6229504
[32, 46, 46, 59] 3995008
[46, 46, 59, 16] 1997504
[46, 59, 16, 89] 3864736
######################################
[22, 47, 81, 68] 5695272
[47, 81, 68, 66] 17085816
[81, 68, 66, 0] 0
[68, 66, 0, 31] 0
[66, 0, 31, 47] 0
[0, 31, 47, 5] 0
[31, 47, 5, 73] 531805
[47, 5, 73, 57] 977835
[5, 73, 57, 67] 1393935
[73, 57, 67, 8] 2230296
[57, 67, 8, 67] 2046984
[67, 8, 67, 81] 2908872
[8, 67, 81, 1] 43416
######################################
[24, 98, 20, 5] 235200
[98, 20, 5, 75] 735000
[20, 5, 75, 75] 562500
[5, 75, 75, 31] 871875
[75, 75, 31, 7] 1220625
[75, 31, 7, 28] 455700
[31, 7, 28, 97] 589372
[7, 28, 97, 33] 627396
[28, 97, 33, 18] 1613304
[97, 33, 18, 82] 4724676
[33, 18, 82, 86] 4188888
[18, 82, 86, 52] 6600672
######################################
[32, 26, 58, 9] 434304
[26, 58, 9, 22] 298584
[58, 9, 22, 35] 401940
[9, 22, 35, 89] 616770
[22, 35, 89, 69] 4728570
[35, 89, 69, 7] 1504545
[89, 69, 7, 46] 1977402
[69, 7, 46, 72] 1599696
[7, 46, 72, 69] 1599696
[46, 72, 69, 48] 10969344
[72, 69, 48, 43] 10253952
######################################
[67, 55, 23, 28] 2373140
[55, 23, 28, 96] 3400320
[23, 28, 96, 71] 4389504
[28, 96, 71, 47] 8969856
[96, 71, 47, 16] 5125632
[71, 47, 16, 3] 160176
[47, 16, 3, 94] 212064
[16, 3, 94, 99] 446688
[3, 94, 99, 71] 1982178
[94, 99, 71, 61] 40304286
######################################
[24, 36, 53, 42] 1923264
[36, 53, 42, 35] 2804760
[53, 42, 35, 94] 7323540
[42, 35, 94, 99] 13679820
[35, 94, 99, 72] 23451120
[94, 99, 72, 24] 16080768
[99, 72, 24, 62] 10606464
[72, 24, 62, 49] 5249664
[24, 62, 49, 48] 3499776
######################################
[21, 17, 5, 48] 85680
[17, 5, 48, 5] 20400
[5, 48, 5, 35] 42000
[48, 5, 35, 20] 168000
[5, 35, 20, 11] 38500
[35, 20, 11, 34] 261800
[20, 11, 34, 31] 231880
[11, 34, 31, 33] 382602
######################################
[78, 39, 0, 68] 0
[39, 0, 68, 97] 0
[0, 68, 97, 62] 0
[68, 97, 62, 39] 15949128
[97, 62, 39, 88] 20640048
[62, 39, 88, 74] 15746016
[39, 88, 74, 92] 23365056
######################################
[16, 56, 81, 83] 6023808
[56, 81, 83, 57] 21459816
[81, 83, 57, 25] 9580275
[83, 57, 25, 23] 2720325
[57, 25, 23, 1] 32775
[25, 23, 1, 16] 9200
######################################
[86, 80, 8, 87] 4788480
[80, 8, 87, 38] 2115840
[8, 87, 38, 30] 793440
[87, 38, 30, 90] 8926200
[38, 30, 90, 69] 7079400
######################################
[19, 52, 68, 73] 4904432
[52, 68, 73, 72] 18585216
[68, 73, 72, 31] 11079648
[73, 72, 31, 54] 8798544
######################################
[4, 36, 16, 41] 94464
[36, 16, 41, 78] 1842048
[16, 41, 78, 51] 2609568
######################################
[88, 42, 36, 29] 3858624
[42, 36, 29, 83] 3639384
######################################
[4, 69, 35, 71] 685860
######################################
[1, 73, 36, 73] 191844
[73, 36, 73, 57] 10935108
[36, 73, 57, 35] 5242860
[73, 57, 35, 47] 6844845
[57, 35, 47, 7] 656355
[35, 47, 7, 55] 633325
[47, 7, 55, 94] 1700930
[7, 55, 94, 35] 1266650
[55, 94, 35, 78] 14114100
[94, 35, 78, 63] 16167060
[35, 78, 63, 54] 9287460
[78, 63, 54, 84] 22289904
[63, 54, 84, 28] 8001504
[54, 84, 28, 37] 4699296
[84, 28, 37, 13] 1131312
[28, 37, 13, 62] 835016
[37, 13, 62, 8] 238576
######################################
[70, 35, 41, 38] 3817100
[35, 41, 38, 62] 3380860
[41, 38, 62, 99] 9563004
[38, 62, 99, 69] 16093836
[62, 99, 69, 5] 2117610
[99, 69, 5, 58] 1980990
[69, 5, 58, 3] 60030
[5, 58, 3, 14] 12180
[58, 3, 14, 96] 233856
[3, 14, 96, 8] 32256
[14, 96, 8, 70] 752640
[96, 8, 70, 20] 1075200
[8, 70, 20, 66] 739200
[70, 20, 66, 2] 184800
[20, 66, 2, 36] 95040
[66, 2, 36, 0] 0
######################################
[54, 29, 72, 25] 2818800
[29, 72, 25, 20] 1044000
[72, 25, 20, 16] 576000
[25, 20, 16, 28] 224000
[20, 16, 28, 44] 394240
[16, 28, 44, 88] 1734656
[28, 44, 88, 80] 8673280
[44, 88, 80, 0] 0
[88, 80, 0, 83] 0
[80, 0, 83, 40] 0
[0, 83, 40, 66] 0
[83, 40, 66, 35] 7669200
[40, 66, 35, 33] 3049200
[66, 35, 33, 36] 2744280
[35, 33, 36, 65] 2702700
######################################
[71, 78, 30, 39] 6479460
[78, 30, 39, 72] 6570720
[30, 39, 72, 7] 589680
[39, 72, 7, 73] 1434888
[72, 7, 73, 44] 1618848
[7, 73, 44, 24] 539616
[73, 44, 24, 4] 308352
[44, 24, 4, 61] 257664
[24, 4, 61, 14] 81984
[4, 61, 14, 91] 310856
[61, 14, 91, 18] 1398852
[14, 91, 18, 17] 389844
[91, 18, 17, 13] 361998
[18, 17, 13, 91] 361998
######################################
[83, 31, 23, 11] 650969
[31, 23, 11, 3] 23529
[23, 11, 3, 97] 73623
[11, 3, 97, 92] 294492
[3, 97, 92, 37] 990564
[97, 92, 37, 0] 0
[92, 37, 0, 62] 0
[37, 0, 62, 33] 0
[0, 62, 33, 88] 0
[62, 33, 88, 66] 11883168
[33, 88, 66, 38] 7283232
[88, 66, 38, 12] 2648448
[66, 38, 12, 80] 2407680
######################################
[51, 90, 88, 24] 9694080
[90, 88, 24, 46] 8743680
[88, 24, 46, 57] 5537664
[24, 46, 57, 13] 818064
[46, 57, 13, 44] 1499784
[57, 13, 44, 17] 554268
[13, 44, 17, 16] 155584
[44, 17, 16, 97] 1160896
[17, 16, 97, 34] 897056
[16, 97, 34, 49] 2585632
[97, 34, 49, 64] 10342528
[34, 49, 64, 50] 5331200
######################################
[54, 1, 34, 94] 172584
[1, 34, 94, 33] 105468
[34, 94, 33, 32] 3374976
[94, 33, 32, 86] 8536704
[33, 32, 86, 60] 5448960
[32, 86, 60, 54] 8916480
[86, 60, 54, 14] 3900960
[60, 54, 14, 34] 1542240
[54, 14, 34, 89] 2287656
[14, 34, 89, 94] 3982216
[34, 89, 94, 70] 19911080
######################################
[69, 74, 62, 72] 22793184
[74, 62, 72, 67] 22132512
[62, 72, 67, 16] 4785408
[72, 67, 16, 52] 4013568
[67, 16, 52, 21] 1170624
[16, 52, 21, 24] 419328
[52, 21, 24, 9] 235872
[21, 24, 9, 31] 140616
[24, 9, 31, 63] 421848
[9, 31, 63, 21] 369117
######################################
[16, 31, 99, 18] 883872
[31, 99, 18, 46] 2541132
[99, 18, 46, 26] 2131272
[18, 46, 26, 17] 365976
[46, 26, 17, 58] 1179256
[26, 17, 58, 36] 922896
[17, 58, 36, 53] 1881288
[58, 36, 53, 33] 3651912
[36, 53, 33, 72] 4533408
######################################
[92, 49, 69, 8] 2488416
[49, 69, 8, 55] 1487640
[69, 8, 55, 26] 789360
[8, 55, 26, 77] 880880
[55, 26, 77, 51] 5615610
[26, 77, 51, 29] 2960958
[77, 51, 29, 56] 6377448
[51, 29, 56, 95] 7868280
######################################
[33, 71, 82, 46] 8837796
[71, 82, 46, 12] 3213744
[82, 46, 12, 79] 3575856
[46, 12, 79, 4] 174432
[12, 79, 4, 54] 204768
[79, 4, 54, 85] 1450440
[4, 54, 85, 92] 1689120
######################################
[48, 48, 67, 29] 4476672
[48, 67, 29, 32] 2984448
[67, 29, 32, 33] 2051808
[29, 32, 33, 89] 2725536
[32, 33, 89, 17] 1597728
[33, 89, 17, 57] 2845953
######################################
[61, 86, 59, 32] 9904448
[86, 59, 32, 63] 10229184
[59, 32, 63, 27] 3211488
[32, 63, 27, 55] 2993760
[63, 27, 55, 58] 5426190
######################################
[43, 81, 85, 40] 11842200
[81, 85, 40, 93] 25612200
[85, 40, 93, 98] 30987600
[40, 93, 98, 40] 14582400
######################################
[52, 16, 74, 62] 3817216
[16, 74, 62, 53] 3890624
[74, 62, 53, 66] 16048824
######################################
[1, 23, 4, 76] 6992
[23, 4, 76, 69] 482448
######################################
[89, 57, 36, 36] 6574608
######################################
[0, 36, 2, 66] 0
[36, 2, 66, 20] 95040
[2, 66, 20, 70] 184800
[66, 20, 70, 8] 739200
[20, 70, 8, 96] 1075200
[70, 8, 96, 14] 752640
[8, 96, 14, 3] 32256
[96, 14, 3, 58] 233856
[14, 3, 58, 5] 12180
[3, 58, 5, 69] 60030
[58, 5, 69, 99] 1980990
[5, 69, 99, 62] 2117610
[69, 99, 62, 38] 16093836
[99, 62, 38, 41] 9563004
[62, 38, 41, 35] 3380860
[38, 41, 35, 70] 3817100
######################################
[65, 36, 33, 35] 2702700
[36, 33, 35, 66] 2744280
[33, 35, 66, 40] 3049200
[35, 66, 40, 83] 7669200
[66, 40, 83, 0] 0
[40, 83, 0, 80] 0
[83, 0, 80, 88] 0
[0, 80, 88, 44] 0
[80, 88, 44, 28] 8673280
[88, 44, 28, 16] 1734656
[44, 28, 16, 20] 394240
[28, 16, 20, 25] 224000
[16, 20, 25, 72] 576000
[20, 25, 72, 29] 1044000
[25, 72, 29, 54] 2818800
######################################
[91, 13, 17, 18] 361998
[13, 17, 18, 91] 361998
[17, 18, 91, 14] 389844
[18, 91, 14, 61] 1398852
[91, 14, 61, 4] 310856
[14, 61, 4, 24] 81984
[61, 4, 24, 44] 257664
[4, 24, 44, 73] 308352
[24, 44, 73, 7] 539616
[44, 73, 7, 72] 1618848
[73, 7, 72, 39] 1434888
[7, 72, 39, 30] 589680
[72, 39, 30, 78] 6570720
[39, 30, 78, 71] 6479460
######################################
[80, 12, 38, 66] 2407680
[12, 38, 66, 88] 2648448
[38, 66, 88, 33] 7283232
[66, 88, 33, 62] 11883168
[88, 33, 62, 0] 0
[33, 62, 0, 37] 0
[62, 0, 37, 92] 0
[0, 37, 92, 97] 0
[37, 92, 97, 3] 990564
[92, 97, 3, 11] 294492
[97, 3, 11, 23] 73623
[3, 11, 23, 31] 23529
[11, 23, 31, 83] 650969
######################################
[50, 64, 49, 34] 5331200
[64, 49, 34, 97] 10342528
[49, 34, 97, 16] 2585632
[34, 97, 16, 17] 897056
[97, 16, 17, 44] 1160896
[16, 17, 44, 13] 155584
[17, 44, 13, 57] 554268
[44, 13, 57, 46] 1499784
[13, 57, 46, 24] 818064
[57, 46, 24, 88] 5537664
[46, 24, 88, 90] 8743680
[24, 88, 90, 51] 9694080
######################################
[70, 94, 89, 34] 19911080
[94, 89, 34, 14] 3982216
[89, 34, 14, 54] 2287656
[34, 14, 54, 60] 1542240
[14, 54, 60, 86] 3900960
[54, 60, 86, 32] 8916480
[60, 86, 32, 33] 5448960
[86, 32, 33, 94] 8536704
[32, 33, 94, 34] 3374976
[33, 94, 34, 1] 105468
[94, 34, 1, 54] 172584
######################################
[21, 63, 31, 9] 369117
[63, 31, 9, 24] 421848
[31, 9, 24, 21] 140616
[9, 24, 21, 52] 235872
[24, 21, 52, 16] 419328
[21, 52, 16, 67] 1170624
[52, 16, 67, 72] 4013568
[16, 67, 72, 62] 4785408
[67, 72, 62, 74] 22132512
[72, 62, 74, 69] 22793184
######################################
[72, 33, 53, 36] 4533408
[33, 53, 36, 58] 3651912
[53, 36, 58, 17] 1881288
[36, 58, 17, 26] 922896
[58, 17, 26, 46] 1179256
[17, 26, 46, 18] 365976
[26, 46, 18, 99] 2131272
[46, 18, 99, 31] 2541132
[18, 99, 31, 16] 883872
######################################
[95, 56, 29, 51] 7868280
[56, 29, 51, 77] 6377448
[29, 51, 77, 26] 2960958
[51, 77, 26, 55] 5615610
[77, 26, 55, 8] 880880
[26, 55, 8, 69] 789360
[55, 8, 69, 49] 1487640
[8, 69, 49, 92] 2488416
######################################
[92, 85, 54, 4] 1689120
[85, 54, 4, 79] 1450440
[54, 4, 79, 12] 204768
[4, 79, 12, 46] 174432
[79, 12, 46, 82] 3575856
[12, 46, 82, 71] 3213744
[46, 82, 71, 33] 8837796
######################################
[57, 17, 89, 33] 2845953
[17, 89, 33, 32] 1597728
[89, 33, 32, 29] 2725536
[33, 32, 29, 67] 2051808
[32, 29, 67, 48] 2984448
[29, 67, 48, 48] 4476672
######################################
[58, 55, 27, 63] 5426190
[55, 27, 63, 32] 2993760
[27, 63, 32, 59] 3211488
[63, 32, 59, 86] 10229184
[32, 59, 86, 61] 9904448
######################################
[40, 98, 93, 40] 14582400
[98, 93, 40, 85] 30987600
[93, 40, 85, 81] 25612200
[40, 85, 81, 43] 11842200
######################################
[66, 53, 62, 74] 16048824
[53, 62, 74, 16] 3890624
[62, 74, 16, 52] 3817216
######################################
[69, 76, 4, 23] 482448
[76, 4, 23, 1] 6992
######################################
[36, 36, 57, 89] 6574608
######################################
[8, 49, 31, 23, 51, 3, 67, 20, 97, 45, 3, 24, 44, 52, 26, 32, 40, 4, 5, 48]
[2, 99, 73, 4, 67, 45, 10, 95, 17, 35, 80, 0, 60, 17, 79, 63, 62, 36, 54]
[22, 40, 55, 60, 63, 2, 26, 63, 78, 14, 4, 17, 21, 77, 33, 93, 76, 16]
[97, 17, 79, 11, 89, 44, 38, 94, 78, 0, 62, 54, 58, 4, 27, 53, 36]
[38, 81, 14, 42, 41, 75, 40, 39, 96, 61, 16, 24, 51, 89, 98, 69]
[15, 18, 29, 69, 92, 33, 67, 63, 83, 33, 14, 36, 54, 55, 66]
[0, 57, 93, 24, 36, 53, 59, 8, 14, 97, 9, 29, 17, 40]
[40, 60, 71, 68, 54, 78, 54, 40, 88, 34, 53, 85, 58]
[0, 87, 40, 56, 22, 36, 70, 91, 34, 31, 56, 57]
[75, 17, 67, 1, 40, 84, 66, 66, 89, 33, 92]
[4, 40, 53, 32, 40, 20, 18, 49, 63, 95]
[5, 98, 88, 56, 28, 35, 38, 94, 72]
[7, 43, 30, 71, 66, 17, 64, 21]
[78, 69, 3, 37, 33, 12, 70]
[52, 48, 49, 2, 13, 50]
[12, 4, 13, 36, 80]
[50, 56, 36, 91]
[49, 49, 95, 71, 99, 23, 12, 26, 20, 94, 88, 37, 86, 26, 12, 32, 74, 57, 67]
[81, 70, 16, 60, 64, 62, 99, 44, 15, 58, 44, 13, 16, 55, 29, 85, 23, 19]
[52, 31, 32, 28, 2, 73, 76, 67, 55, 44, 92, 32, 46, 46, 59, 16, 89]
[22, 47, 81, 68, 66, 0, 31, 47, 5, 73, 57, 67, 8, 67, 81, 1]
[24, 98, 20, 5, 75, 75, 31, 7, 28, 97, 33, 18, 82, 86, 52]
[32, 26, 58, 9, 22, 35, 89, 69, 7, 46, 72, 69, 48, 43]
[67, 55, 23, 28, 96, 71, 47, 16, 3, 94, 99, 71, 61]
[24, 36, 53, 42, 35, 94, 99, 72, 24, 62, 49, 48]
[21, 17, 5, 48, 5, 35, 20, 11, 34, 31, 33]
[78, 39, 0, 68, 97, 62, 39, 88, 74, 92]
[16, 56, 81, 83, 57, 25, 23, 1, 16]
[86, 80, 8, 87, 38, 30, 90, 69]
[19, 52, 68, 73, 72, 31, 54]
[4, 36, 16, 41, 78, 51]
[88, 42, 36, 29, 83]
[4, 69, 35, 71]
##################
[1, 73, 36, 73, 57, 35, 47, 7, 55, 94, 35, 78, 63, 54, 84, 28, 37, 13, 62, 8]
[70, 35, 41, 38, 62, 99, 69, 5, 58, 3, 14, 96, 8, 70, 20, 66, 2, 36, 0]
[54, 29, 72, 25, 20, 16, 28, 44, 88, 80, 0, 83, 40, 66, 35, 33, 36, 65]
[71, 78, 30, 39, 72, 7, 73, 44, 24, 4, 61, 14, 91, 18, 17, 13, 91]
[83, 31, 23, 11, 3, 97, 92, 37, 0, 62, 33, 88, 66, 38, 12, 80]
[51, 90, 88, 24, 46, 57, 13, 44, 17, 16, 97, 34, 49, 64, 50]
[54, 1, 34, 94, 33, 32, 86, 60, 54, 14, 34, 89, 94, 70]
[69, 74, 62, 72, 67, 16, 52, 21, 24, 9, 31, 63, 21]
[16, 31, 99, 18, 46, 26, 17, 58, 36, 53, 33, 72]
[92, 49, 69, 8, 55, 26, 77, 51, 29, 56, 95]
[33, 71, 82, 46, 12, 79, 4, 54, 85, 92]
[48, 48, 67, 29, 32, 33, 89, 17, 57]
[61, 86, 59, 32, 63, 27, 55, 58]
[43, 81, 85, 40, 93, 98, 40]
[52, 16, 74, 62, 53, 66]
[1, 23, 4, 76, 69]
[89, 57, 36, 36]
[0, 36, 2, 66, 20, 70, 8, 96, 14, 3, 58, 5, 69, 99, 62, 38, 41, 35, 70]
[65, 36, 33, 35, 66, 40, 83, 0, 80, 88, 44, 28, 16, 20, 25, 72, 29, 54]
[91, 13, 17, 18, 91, 14, 61, 4, 24, 44, 73, 7, 72, 39, 30, 78, 71]
[80, 12, 38, 66, 88, 33, 62, 0, 37, 92, 97, 3, 11, 23, 31, 83]
[50, 64, 49, 34, 97, 16, 17, 44, 13, 57, 46, 24, 88, 90, 51]
[70, 94, 89, 34, 14, 54, 60, 86, 32, 33, 94, 34, 1, 54]
[21, 63, 31, 9, 24, 21, 52, 16, 67, 72, 62, 74, 69]
[72, 33, 53, 36, 58, 17, 26, 46, 18, 99, 31, 16]
[95, 56, 29, 51, 77, 26, 55, 8, 69, 49, 92]
[92, 85, 54, 4, 79, 12, 46, 82, 71, 33]
[57, 17, 89, 33, 32, 29, 67, 48, 48]
[58, 55, 27, 63, 32, 59, 86, 61]
[40, 98, 93, 40, 85, 81, 43]
[66, 53, 62, 74, 16, 52]
[69, 76, 4, 23, 1]
[36, 36, 57, 89]
51267216
True
